0.044227 0.0455399 0.0523061 0.0384251 0.0549205 0.0426395 0.06054 0.0467852 0.0474603 0.0427213 0.053222 0.0567932 0.046791 0.0628496 0.051276 0.0537481 0.0466865 0.0471293 0.0597666 0.0461726 
0.0450884 0.0367322 0.0625164 0.0548575 0.0569566 0.0555174 0.0418573 0.0584594 0.0580334 0.0343984 0.0496608 0.0470951 0.0374578 0.0661111 0.0629944 0.0487744 0.0298787 0.0430931 0.0779658 0.0325517 
0.0886584 0.0598161 0.0433245 0.0249591 0.0232763 0.0510007 0.0283929 0.0873237 0.0244564 0.0371872 0.0647296 0.0331794 0.0783199 0.0291755 0.120708 0.056627 0.0246339 0.0321833 0.0497567 0.0422918 
0.053822 0.0531159 0.0669472 0.0713917 0.0633753 0.043989 0.0474313 0.0331224 0.0470596 0.0431718 0.0391686 0.0440568 0.0540576 0.0485697 0.0589011 0.0634731 0.04212 0.052364 0.0446561 0.029207 
0.0572983 0.0409253 0.0492334 0.0472213 0.0530158 0.0517028 0.0519765 0.0525329 0.0531328 0.0468061 0.0470859 0.0571228 0.052338 0.0452218 0.0496778 0.0573035 0.0515857 0.050736 0.0485341 0.0365493 
0.0530544 0.0423338 0.0508258 0.0579676 0.052814 0.0470237 0.0545155 0.0562443 0.0439987 0.0516849 0.0577614 0.0505348 0.0477167 0.0471879 0.0547197 0.0519179 0.0508146 0.0427044 0.0517364 0.0344436 
0.0521898 0.0444297 0.0576302 0.0614788 0.0543134 0.0476987 0.0463841 0.0501711 0.0448004 0.0483092 0.0464975 0.0486571 0.0536947 0.050382 0.0592116 0.0569335 0.0469401 0.0479287 0.051385 0.0309644 
0.0759706 0.0562772 0.0461244 0.0390265 0.0464144 0.0517141 0.0399989 0.0509384 0.0423623 0.0415499 0.0443873 0.0511251 0.0507648 0.0521694 0.0511153 0.0819745 0.0477747 0.0476987 0.0503576 0.0322558 
0.0462127 0.0419305 0.0535822 0.0439185 0.0525151 0.0455639 0.0568783 0.050272 0.049767 0.0464798 0.0528609 0.0610511 0.0850685 0.0452427 0.0536955 0.0563738 0.0417286 0.0476753 0.0392131 0.0299705 
0.0565667 0.0405432 0.0574979 0.0568348 0.0566981 0.0476764 0.0563747 0.0583135 0.0472623 0.0487498 0.0669724 0.0475639 0.0505404 0.0483152 0.0579263 0.0548094 0.0392531 0.0384033 0.0403555 0.029343 
0.051267 0.0459704 0.0528683 0.0456871 0.064527 0.0475956 0.0486829 0.0538012 0.0487599 0.049981 0.0475877 0.0476746 0.0600073 0.0529956 0.0603787 0.0581299 0.0446104 0.0469059 0.0422034 0.0303662 
0.0565228 0.0249556 0.0607761 0.0447331 0.0373808 0.0647906 0.0356395 0.0674515 0.0395911 0.0615582 0.065018 0.0489019 0.0605379 0.0418027 0.0443347 0.0460124 0.0441882 0.0701297 0.0633532 0.022322 
0.0678744 0.0405755 0.0576572 0.0533043 0.0441411 0.0540307 0.0528109 0.0598197 0.0478331 0.0477356 0.0534083 0.0373033 0.053791 0.0516368 0.0614248 0.0396275 0.0462764 0.041476 0.054274 0.0349995 
0.0559259 0.0454474 0.050476 0.0521145 0.0504092 0.0519478 0.0558111 0.0476983 0.0473932 0.0515896 0.0535456 0.057183 0.0463924 0.0528545 0.0545022 0.0498428 0.0473306 0.0380694 0.0578186 0.0336478 
0.0448863 0.037339 0.043716 0.0431285 0.053284 0.0479337 0.0456501 0.0442869 0.045042 0.0511486 0.0537473 0.0355164 0.0434943 0.0509522 0.0462244 0.152777 0.0384291 0.0508835 0.0435004 0.0280599 
0.0516308 0.0454703 0.0579755 0.0423819 0.0524543 0.0452844 0.0484092 0.0479437 0.0598224 0.052926 0.0478805 0.0500345 0.0510531 0.0452259 0.0592987 0.0556807 0.0471113 0.0547609 0.0441312 0.0405247 
0.0593351 0.0481596 0.0549425 0.0545865 0.0500655 0.0464202 0.047792 0.051546 0.0491383 0.0473762 0.0578883 0.0476174 0.0498353 0.0486258 0.0628278 0.0459944 0.056933 0.0457371 0.043712 0.031467 
0.0536682 0.0432607 0.0588767 0.044821 0.0616666 0.0463449 0.0538949 0.0501885 0.038943 0.0468605 0.052347 0.0528835 0.0523327 0.0455097 0.0528291 0.0556591 0.0607778 0.0525871 0.0452188 0.03133 
0.0658997 0.0292006 0.0542746 0.0544123 0.0403999 0.0508326 0.0464817 0.057205 0.0261281 0.0566103 0.0461549 0.044227 0.050763 0.0377586 0.0640397 0.0420405 0.03242 0.0511035 0.124007 0.0260416 
0.0500462 0.0815546 0.0477843 0.0464615 0.0459661 0.0423572 0.0472104 0.0498309 0.0684022 0.0535762 0.0519788 0.0473621 0.0644708 0.0429329 0.0601422 0.0441785 0.0419181 0.0395912 0.0483611 0.0258746 
0.0524825 0.0445739 0.0416742 0.0415311 0.0514912 0.0564024 0.0549497 0.0586232 0.050782 0.0548739 0.0563778 0.0527541 0.0514806 0.0508755 0.0463315 0.0490469 0.0495954 0.0419305 0.0529284 0.0412949 
0.0489321 0.036613 0.0504905 0.0411569 0.0381309 0.031788 0.037562 0.151101 0.0405617 0.0441327 0.0596523 0.0584402 0.0535436 0.0546432 0.0434453 0.0459816 0.0365858 0.0413779 0.0346724 0.0511885 
0.0432594 0.0565747 0.0451771 0.0601042 0.0539878 0.0457891 0.050203 0.0535566 0.0355921 0.0372875 0.0692861 0.0442001 0.0487055 0.0480697 0.0605233 0.0629908 0.0364506 0.0502376 0.0658934 0.0321113 
0.040987 0.0351117 0.0829946 0.0493033 0.0649511 0.0429663 0.051649 0.050679 0.0649703 0.0369365 0.0409541 0.0796261 0.0384268 0.0401395 0.0459668 0.0524198 0.0511748 0.0401549 0.0644025 0.0261858 
0.0417287 0.0299625 0.0324372 0.0338147 0.0468817 0.0786427 0.0512325 0.0613596 0.0939564 0.108785 0.038772 0.0363138 0.0396117 0.0501424 0.0503495 0.0724481 0.035607 0.0325682 0.0390146 0.0263721 
0.0567739 0.0449755 0.0522156 0.0657247 0.0394321 0.0518602 0.0584466 0.0641817 0.045247 0.0402407 0.0547838 0.0628033 0.0417238 0.0510164 0.0673454 0.0397411 0.0404652 0.0456783 0.0416726 0.0356723 
0.0394011 0.0346618 0.0430762 0.071831 0.0525186 0.0457884 0.0392605 0.0689518 0.0425083 0.0733144 0.0860195 0.0375689 0.039414 0.0345252 0.0462711 0.0475365 0.0484814 0.0549347 0.0596687 0.0342677 
0.050905 0.0244449 0.0222517 0.0769538 0.0260822 0.208391 0.0307976 0.0765323 0.0395291 0.0237343 0.0318617 0.0391433 0.0779944 0.0297549 0.0416641 0.0614945 0.0280227 0.0307409 0.0342152 0.0454865 
0.0504839 0.0412514 0.0383173 0.0480775 0.045509 0.0422844 0.038676 0.0716187 0.0577494 0.036079 0.0654011 0.0541191 0.0564248 0.0380744 0.0798354 0.0591331 0.0536187 0.0519728 0.0459196 0.0254543 
0.0476556 0.050415 0.0302656 0.0615636 0.0523761 0.0468681 0.0740315 0.0448985 0.0366391 0.0549357 0.0499458 0.0767492 0.0414538 0.0806083 0.0520904 0.0381818 0.0452413 0.0356405 0.056658 0.0237819 
0.0574062 0.00770675 0.00432292 2.34461e-05 0.00117609 0.0187888 0.0975651 0.115677 0.0551813 0.0856907 0.134345 0.312771 0.0255999 0.00707744 0.0216062 0.0462473 0.00706995 2.32223e-05 2.45958e-05 0.00169755 
0.0595288 0.0518731 0.0561735 0.0446474 0.0507767 0.0361448 0.0404875 0.0433924 0.076504 0.0400052 0.0420933 0.0481931 0.0398478 0.0599667 0.059154 0.0685675 0.054722 0.0424733 0.0535387 0.0319103 
0.0332209 0.0992955 0.0283704 0.0275376 0.0403614 0.112032 0.0341381 0.0271173 0.0312215 0.0281028 0.0262246 0.0292797 0.0325027 0.0216439 0.0297098 0.0238722 0.0401038 0.0668599 0.0817532 0.186653 
0.0528675 0.0444652 0.0489077 0.0468814 0.0645489 0.0396 0.0456191 0.060634 0.0478672 0.045396 0.0551872 0.051502 0.0421985 0.0546933 0.0587881 0.0682334 0.0431534 0.0437798 0.046168 0.0395093 
0.0486027 0.0457572 0.0662324 0.0458085 0.054414 0.0565495 0.0613371 0.0483982 0.0491137 0.0536377 0.0487228 0.04687 0.0562738 0.0468345 0.0667715 0.046484 0.0433526 0.0395107 0.0473391 0.0279898 
0.06368 0.0414274 0.0529121 0.0407742 0.058799 0.0353628 0.0441728 0.0524596 0.0410703 0.0431708 0.0676446 0.0533372 0.0473857 0.0400048 0.0615232 0.0748429 0.0508564 0.0396096 0.0528048 0.0381618 
0.0477899 0.0423534 0.0442917 0.0447055 0.067284 0.0500396 0.0491562 0.0693403 0.0369061 0.049309 0.0620959 0.0450447 0.052902 0.0426257 0.0550994 0.0591451 0.0593266 0.0425125 0.0449361 0.0351365 
0.0355232 0.0407555 0.0572782 0.0716381 0.0406593 0.0481867 0.0502747 0.0638519 0.0466546 0.0292298 0.0456107 0.061772 0.0497587 0.0652949 0.0780522 0.0469652 0.0478704 0.0413559 0.0582968 0.0209715 
0.0414722 0.0577845 0.0272029 0.0366157 0.0667562 0.0451924 0.0274662 0.117296 0.0377066 0.0302178 0.0773721 0.0499532 0.058623 0.0409689 0.0551879 0.0362515 0.0654394 0.0346494 0.0569575 0.0368869 
0.0662011 0.0481525 0.0584347 0.0518662 0.0444137 0.0445183 0.0533054 0.0402048 0.0466788 0.0434757 0.0541918 0.0494763 0.0580374 0.0372134 0.0543869 0.0649737 0.0573102 0.0513471 0.0492943 0.0265178 
0.0678491 0.043848 0.054735 0.0505812 0.0491668 0.0404248 0.0462572 0.0478362 0.0452069 0.0467129 0.0493825 0.0489481 0.0516588 0.0529493 0.0665117 0.05447 0.0533006 0.04617 0.0481837 0.0358073 
0.0531764 0.0589294 0.0630962 0.0424065 0.0590539 0.0501181 0.0497602 0.0460084 0.0496467 0.041265 0.0744055 0.0459312 0.0421082 0.0377889 0.0697536 0.0550041 0.0410518 0.0482707 0.0371634 0.0350616 
0.036579 0.0692329 0.0333129 0.0352609 0.0318184 0.0484413 0.0355997 0.0492582 0.0567156 0.0566418 0.026269 0.0439854 0.0444488 0.0685532 0.0548615 0.0511497 0.030957 0.112442 0.0611888 0.0532842 
0.0790771 0.0694363 0.266014 0.0143639 0.027046 4.56479e-06 0.0358144 0.0493258 0.00909113 0.0335628 0.0602819 0.0560963 0.0526562 0.042837 0.0843783 0.0273275 0.043983 0.0433042 0.00212226 0.003277 
0.0497717 0.0383515 0.0460935 0.0415224 0.0541499 0.0471764 0.0418024 0.0524087 0.0367748 0.044959 0.0637084 0.0337318 0.0400895 0.144191 0.0542024 0.0507736 0.0430248 0.0412184 0.0462753 0.0297748 
0.0525535 0.0382192 0.0417051 0.0444944 0.0390154 0.0457461 0.0353487 0.0458029 0.139958 0.0524248 0.0863863 0.0411965 0.0410655 0.0282741 0.054733 0.0389185 0.0367058 0.0474292 0.0621491 0.0278741 
0.0578369 0.0420774 0.0517454 0.0510724 0.0606951 0.0469774 0.0418808 0.0459969 0.0522454 0.0654685 0.0595854 0.050231 0.0388761 0.0380351 0.0653096 0.0559563 0.0449248 0.0642213 0.036987 0.0298772 
0.0419358 0.029072 0.0300334 0.0530034 0.360794 0.0156665 0.0459332 0.0322993 0.0540237 0.0275481 0.0360928 0.0380679 0.0373192 0.0278571 0.0338754 0.0390827 0.0278019 0.0185509 0.0329223 0.0181199 
0.0529338 0.039729 0.0651187 0.0499928 0.0542251 0.0525395 0.0538188 0.0569611 0.048287 0.0481762 0.0514313 0.0528366 0.0516456 0.0453728 0.0580161 0.0486916 0.0470277 0.0444073 0.0433662 0.0354226 
0.0713268 0.0418101 0.0269704 0.0858575 0.0726792 0.0197522 0.079384 0.139867 0.0453649 0.0248078 0.0632471 0.0154433 0.0552854 0.0615835 0.0433151 0.046873 0.0166606 0.0356549 0.0368238 0.0172931 
0.0151267 0.0140596 0.0201741 0.00817972 0.0524721 0.0278508 0.0108234 0.0128918 0.0213187 0.0377951 0.224871 0.0187172 0.025618 0.0279695 0.0297118 0.0366554 0.031032 0.350206 0.0152486 0.0192788 
0.0577581 0.0559102 0.0737885 0.0468701 0.0314 0.0605272 0.0450933 0.0611209 0.0483973 0.0390605 0.0547577 0.048676 0.0587276 0.0596565 0.0380336 0.0613097 0.0430355 0.0343023 0.0396884 0.0418865 
0.0304536 0.0316006 0.051577 0.129394 0.0638933 0.0418029 0.0553435 0.0333003 0.0312739 0.0483148 0.0565564 0.057399 0.0323167 0.031328 0.0462296 0.0403002 0.0678037 0.0251188 0.0956312 0.0303623 
0.054704 0.0433016 0.0484996 0.0482227 0.056435 0.0572007 0.0476941 0.054167 0.0486832 0.0402 0.052492 0.0469457 0.0523961 0.0562705 0.0577661 0.0615397 0.0434161 0.0518631 0.0459347 0.0322681 
0.0850972 0.0351437 0.0519379 0.0747529 0.0432355 0.0534479 0.0570529 0.0493522 0.0364509 0.0366934 0.0695595 0.0605397 0.0516072 0.0234149 0.0598423 0.0810841 0.0308575 0.0383092 0.0370971 0.0245237 
0.0817894 0.0539328 0.155258 0.0279215 0.0416611 0.0188926 0.0447852 0.0535692 0.0233903 0.0411687 0.0564168 0.0449405 0.054559 0.0439187 0.0739596 0.0463073 0.0466429 0.0434793 0.025979 0.0214283 
0.0335317 0.0421316 0.0844792 0.0254541 0.0566122 0.0470301 0.050314 0.0660208 0.0684218 0.048353 0.0436763 0.0502954 0.0842426 0.0339962 0.0538699 0.0433002 0.0303475 0.0565284 0.0459781 0.0354169 
0.0519086 0.0340368 0.0351277 0.0344651 0.0397361 0.0379047 0.0528103 0.0403447 0.025279 0.0340299 0.10588 0.125619 0.0395234 0.0277392 0.0557853 0.0600149 0.0483737 0.0352106 0.0769386 0.039273 
0.0413667 0.323614 0.0323302 0.0252394 0.032994 0.0314412 0.0300413 0.111745 0.0328412 0.0466335 0.0327915 0.0279791 0.0269489 0.0250672 0.0327146 0.0327679 0.0345037 0.0321039 0.0286076 0.018269 
0.0384269 0.0352834 0.0341269 0.0995878 0.0346666 0.0497116 0.0372321 0.128282 0.0267277 0.0814619 0.0327291 0.0388939 0.035425 0.0328131 0.0395257 0.0411282 0.0768428 0.0800315 0.0301469 0.0269569 
0.0346173 0.0374712 0.0507762 0.0418904 0.0230903 0.0642056 0.0652267 0.0576738 0.0509482 0.0509281 0.0651694 0.0516444 0.0589057 0.0655878 0.0388552 0.0454972 0.0510662 0.0552626 0.057183 0.0340007 
0.0449997 0.0364686 0.0454353 0.0660994 0.0715835 0.0347123 0.0459822 0.0693611 0.0321638 0.0312126 0.0834289 0.0432058 0.0427865 0.0532551 0.0523559 0.0632393 0.0554317 0.0367958 0.0563661 0.0351164 
0.0587406 0.0414686 0.064229 0.0576065 0.0549944 0.0446182 0.0436359 0.0547825 0.0596218 0.0528562 0.0548199 0.0458147 0.0444651 0.0454619 0.0525457 0.0617821 0.0477773 0.0398076 0.040211 0.034761 
0.15401 3.60037e-05 4.01912e-05 4.24568e-05 0.00642386 3.8653e-05 3.86097e-05 0.0476363 3.75667e-05 0.209046 4.23968e-05 0.260364 3.94431e-05 0.0744936 3.03132e-05 0.170959 3.37171e-05 0.0226426 3.9438e-05 0.0540062 